knn 1month 0.851337 0.00491893 2.30466 0.704715 807.274 177.22 30
randf 1month 0.893709 0.00366275 190.727 29.4793 0.707526 0.157631 30
tsf 1month 0.92793 0.00441422 2647.37 375.127 480.292 68.6219 30
rise 1month 0.883642 0.00560299 6841.27 599.27 1499.77 96.0606 20
knn 2month 0.870198 0.00396874 2.94465 0.86043 821.823 187.838 30
randf 2month 0.909595 0.00500546 261.14 32.8589 0.982301 0.201283 30
tsf 2month 0.935666 0.00449748 3731.45 546.301 698.986 95.0128 30
rise 2month 0.904871 0.00389566 8593.8 1131.54 1732.07 97.3902 16
knn 3month 0.884224 0.00501376 4.25436 1.09612 861.182 191.394 30
randf 3month 0.921122 0.00353783 280.808 39.0953 1.20825 0.238885 30
tsf 3month 0.932643 0.00573153 4697.8 485.113 915.887 143.286 29
rise 3month 0.923564 0.00403911 9649.1 1043.25 1951.36 324.296 14
knn 4month 0.890451 0.00538637 5.02317 0.783383 1022.43 62.7756 30
randf 4month 0.930373 0.00373992 362.417 9.95503 1.6509 0.156531 30
tsf 4month 0.940716 0.00357625 6524.67 1315.6 1299.22 280.728 30
rise 4month 0.932849 0.00387032 11450.1 2019.16 2146.75 395.313 30
knn 5month 0.894206 0.00458835 5.88602 0.797176 1051.64 66.9643 30
randf 5month 0.937447 0.0040719 414.499 11.627 1.77619 0.193214 30
tsf 5month 0.949908 0.00394535 7411.2 1515.83 1499.73 324.626 30
rise 5month 0.9464 0.0038204 12115.8 2146.49 2242.19 476.805 30
knn 6month 0.892937 0.00445777 6.70012 0.615538 1119.6 75.2608 30
randf 6month 0.941263 0.00336084 442.372 13.2614 2.08215 0.143758 30
tsf 6month 0.952854 0.00292634 7502.71 816.81 1504.83 152.491 30
rise 6month 0.949972 0.00285598 12070 1236.44 2072.52 146.678 27
