3 1month 0.760435 0.00950479 664.255 352.109 23.3975 7.3609 30
3 2month 0.81614 0.00896736 1113.47 338.729 41.1583 9.33109 30
3 3month 0.859663 0.0169033 1505.8 354.067 64.3525 14.1285 30
3 4month 0.895311 0.00683787 2060.32 122.728 91.2047 10.2443 30
3 5month 0.90667 0.00369419 2533 147.913 116.488 11.9269 30
3 6month 0.909395 0.00464972 2724.43 311.924 131.952 14.75 30
4 1month 0.786766 0.0049614 787.43 337.658 24.419 6.87538 30
4 2month 0.834114 0.00538076 1187.98 208.823 106.168 325.364 30
4 3month 0.868549 0.00485648 1830.26 349.85 68.9773 14.2482 30
4 4month 0.889242 0.00528359 2370.63 161.137 93.4935 11.103 30
4 5month 0.900312 0.00445761 2853.81 237.86 117.906 12.0648 30
4 6month 0.903202 0.00487154 3122.4 390.834 127.483 22.6911 30
5 1month 0.771184 0.00643346 986.141 125.993 34.6639 7.15971 30
5 2month 0.81792 0.00652959 1637.04 175.294 60.0293 9.24735 30
5 3month 0.849277 0.00430915 2285.24 273.972 85.1151 12.2332 30
5 4month 0.871218 0.00472973 2823.56 227.364 106.695 12.9 30
5 5month 0.883572 0.00490222 3362.09 347.105 128.789 17.8256 30
5 6month 0.88875 0.00478539 3289.84 689.687 129.725 26.926 30
6 1month 0.738476 0.0193078 2226.17 277.172 107.384 18.2622 30
6 2month 0.803215 0.00967057 2987.92 282.973 142.31 18.7025 30
6 3month 0.843465 0.00745588 3514.61 606.327 160.266 28.0121 30
6 4month 0.863459 0.0135405 4159.85 569.377 179.133 30.1304 30
6 5month 0.883306 0.0132204 4528.95 784.708 196.988 38.7508 30
6 6month 0.878608 0.00611883 4274.38 931.66 181.345 33.0388 30
