3 1month 1.96667 0.182574 30 
3 2month 1.93333 0.253708 30 
3 3month 2.53333 2.45979 30 
3 4month 1.03333 0.182574 30 
3 5month 1 0 30 
3 6month 1 0 30 
4 1month 1.66667 0.479463 30 
4 2month 2.8 3.17751 30 
4 3month 1.26667 0.449776 30 
4 4month 1.2 0.406838 30 
4 5month 1.03333 0.182574 30 
4 6month 1 0 30 
5 1month 1.06667 0.253708 30 
5 2month 1.06667 0.253708 30 
5 3month 1 0 30 
5 4month 1 0 30 
5 5month 1 0 30 
5 6month 1 0 30 
6 1month 9.8 4.16388 30 
6 2month 9.63333 2.04237 30 
6 3month 9.03333 2.25118 30 
6 4month 9.9 4.95044 30 
6 5month 2.63333 3.66233 30 
6 6month 1.4 2.19089 30 
