knn 1month 0.828532 0.00631016 2.05207 0.3328 594.097 52.1601 30
randf 1month 0.913549 0.00467718 137.55 9.93352 0.603608 0.0681739 30
tsf 1month 0.948771 0.00393077 2965.82 347.102 579.051 108.775 30
rise 1month 0.935643 0.00454436 7798.45 1141.46 1784.2 291.622 30
knn 2month 0.849062 0.00647568 2.82684 0.476672 615.993 51.7609 30
randf 2month 0.928864 0.00484391 185.537 9.65702 0.867938 0.0897712 30
tsf 2month 0.954907 0.00384552 4282.35 377.925 813.872 132.609 30
rise 2month 0.945832 0.00329532 9160.79 1577.36 1894.98 367.094 30
knn 3month 0.86054 0.00636765 3.51766 0.596447 622.177 69.0794 30
randf 3month 0.934547 0.0041351 209.353 14.4036 1.04819 0.109947 30
tsf 3month 0.958396 0.00339978 5458.16 510.367 1108.8 150.941 30
rise 3month 0.953043 0.00383441 10467.8 1720.38 2042.12 413.971 24
knn 4month 0.868426 0.00580205 4.25586 0.770405 693.932 73.1742 30
randf 4month 0.946338 0.00454865 254.629 5.27318 1.30289 0.0887733 30
tsf 4month 0.961113 0.00391565 6131.44 898.116 1251.39 249.669 30
rise 4month 0.960199 0.00338076 11107.8 1818.06 2079.33 448.584 20
knn 5month 0.875683 0.00566196 4.8257 0.700313 720.174 75.6275 30
randf 5month 0.952642 0.00393693 272.874 29.9678 1.34723 0.209446 30
tsf 5month 0.968341 0.00436977 6074.32 1223.21 1221.88 242.091 24
rise 5month 0.965713 0.00291691 10481.8 1834.32 2043.68 425.015 14
knn 6month 0.872295 0.00564045 5.42505 1.17037 720.852 108.83 30
randf 6month 0.956713 0.00420987 270.781 37.0445 1.50525 0.273119 30
tsf 6month 0.96787 0.00223777 6502.65 1121.59 1243.71 176.909 14
rise 6month 0.967243 0.00286383 10704.6 1669.33 1751.99 185.653 9
