3 1month 0.827622 0.00932827 591.937 40.3216 20.499 2.8029 30
3 2month 0.87289 0.00700293 886.011 107.636 35.7682 7.72962 30
3 3month 0.898865 0.00577645 1221.5 161.651 55.3683 8.30321 30
3 4month 0.918278 0.00415265 1695.17 204.202 73.137 13.1733 30
3 5month 0.923437 0.00408757 2062.37 171.87 94.2133 11.6044 30
3 6month 0.926085 0.0046391 2283.26 226.822 101.899 18.2413 30
4 1month 0.836041 0.0050762 660.837 59.4891 20.6061 4.40486 30
4 2month 0.877747 0.00484444 1035.54 150.538 38.4367 7.43625 30
4 3month 0.902803 0.00569368 1434.76 204.655 56.0263 12.3398 30
4 4month 0.921731 0.0043905 1976.83 223.726 79.5128 11.3259 30
4 5month 0.919943 0.00499054 2344.02 215.583 96.753 12.0974 30
4 6month 0.921006 0.00513889 2582.33 309.012 108.594 18.8893 30
5 1month 0.819647 0.00751104 805.171 111.471 27.435 6.51249 30
5 2month 0.866633 0.00826808 1273.19 177.048 45.7877 9.12404 30
5 3month 0.883623 0.00492547 1793.74 195.826 67.2037 13.4876 30
5 4month 0.8996 0.00533306 2333.16 236.213 92.5354 8.0193 30
5 5month 0.905701 0.00471478 2836.57 216.796 109.005 12.5595 30
5 6month 0.910111 0.00499516 3027.22 400.21 119.488 20.6444 30
6 1month 0.810569 0.00793734 1732.42 185.268 86.9227 12.0265 30
6 2month 0.859556 0.00880453 2202.45 332.863 102.822 19.8675 30
6 3month 0.887538 0.00580659 2891.16 385.606 136.031 16.3949 30
6 4month 0.903464 0.00574317 3577.89 339.419 164.965 16.5299 30
6 5month 0.913195 0.00691729 4055.76 407.319 174.375 31.5799 30
6 6month 0.908991 0.00985016 4089.97 720.945 172.842 36.8297 30
