3 1day 1min 0.817729 0.0165216 137.741 20.2449 6.71603 1.37431 30
3 1day 5min 0.741287 0.0173956 62.9872 5.28444 1.72441 0.5736 30
3 1day 10min 0.655252 0.0187835 57.0804 5.42238 1.12722 0.284288 30
3 1day 15min 0.599461 0.0201324 58.5375 5.04247 1.0316 0.271883 30
3 1week 1min 0.920789 0.0103446 813.478 43.1653 54.6627 4.88442 30
3 1week 5min 0.921496 0.0092527 181.418 7.94059 9.85016 1.37612 30
3 1week 10min 0.910365 0.0116452 117.654 6.54827 4.88863 0.716411 30
3 1week 15min 0.892167 0.0106158 97.3098 5.69347 3.37336 0.407148 30
3 2week 1min 0.934741 0.0112003 1553.7 107.372 102.508 13.0908 30
3 2week 5min 0.930236 0.00923237 343.501 17.9892 19.5299 2.95456 30
3 2week 10min 0.932432 0.0128568 196.456 16.9146 10.2089 1.05599 30
3 2week 15min 0.931419 0.00725667 143.631 10.0967 6.47373 1.32215 30
3 3week 1min NA NA NA NA NA NA 0
3 3week 5min NA NA NA NA NA NA 0
3 3week 10min NA NA NA NA NA NA 0
3 3week 15min NA NA NA NA NA NA 0
4 1day 1min 0.818094 0.0138203 155.05 21.1702 7.17169 2.0507 30
4 1day 5min 0.717183 0.0190075 70.2156 5.6685 1.74968 0.417156 30
4 1day 10min 0.620036 0.0321014 64.3086 3.34105 1.37302 0.451962 30
4 1day 15min 0.582645 0.0206092 66.4784 6.88501 1.11023 0.390206 30
4 1week 1min 0.930448 0.009924 837.266 53.5783 49.726 6.57428 30
4 1week 5min 0.919965 0.0113949 207.972 10.1349 10.4663 1.52358 30
4 1week 10min 0.896702 0.00905337 126.83 10.6396 4.94022 0.706305 30
4 1week 15min 0.862544 0.0289882 104.557 7.20971 3.51131 0.666395 30
4 2week 1min 0.938007 0.00952611 1721.6 104.449 107.357 13.2069 30
4 2week 5min 0.941329 0.00881569 386.857 31.1462 21.3075 1.75521 30
4 2week 10min 0.933446 0.00958223 214.319 18.7759 10.9657 2.1826 30
4 2week 15min 0.921903 0.0086779 190.326 8.73655 7.88162 1.13541 30
4 3week 1min NA NA NA NA NA NA 0
4 3week 5min NA NA NA NA NA NA 0
4 3week 10min NA NA NA NA NA NA 0
4 3week 15min NA NA NA NA NA NA 0
5 1day 1min 0.811475 0.0157837 218.848 15.7953 9.15719 1.42801 30
5 1day 5min 0.697753 0.0267444 117.673 5.56398 3.28703 0.480786 30
5 1day 10min 0.588585 0.05072 107.854 4.59499 2.93796 0.565132 30
5 1day 15min 0.512208 0.0223649 89.6421 4.78067 2.39009 0.353964 30
5 1week 1min 0.93033 0.00873816 953.631 53.7086 52.9104 4.23459 30
5 1week 5min 0.917256 0.0108027 224.669 21.2285 11.3638 2.29054 30
5 1week 10min 0.885925 0.0100768 145.645 19.9992 5.27936 1.15562 30
5 1week 15min 0.839164 0.0227893 113.971 12.9069 3.84447 0.911778 30
5 2week 1min 0.941948 0.00887741 1761.69 286.346 103.432 19.9945 30
5 2week 5min 0.938176 0.00680898 446.198 58.2905 22.0649 3.3686 30
5 2week 10min 0.929336 0.00923167 284.027 22.4414 12.4983 0.989056 30
5 2week 15min 0.90884 0.00900944 220.37 11.6138 9.03158 0.692587 30
5 3week 1min NA NA NA NA NA NA 0
5 3week 5min NA NA NA NA NA NA 0
5 3week 10min NA NA NA NA NA NA 0
5 3week 15min NA NA NA NA NA NA 0
6 1day 1min 0.773042 0.0251376 470.808 22.356 22.177 2.20528 30
6 1day 5min 0.67122 0.0359263 345.649 15.6178 17.6477 2.08401 30
6 1day 10min 0.529751 0.0340504 295.698 12.1277 17.0956 2.21993 30
6 1day 15min 0.505865 0.0305759 225.197 10.5534 17.5173 2.78308 30
6 1week 1min 0.932568 0.00937289 1205.69 116.503 66.0092 7.88591 30
6 1week 5min 0.9053 0.0114369 428.569 44.4987 20.5866 3.7265 30
6 1week 10min 0.870612 0.0103924 375.684 26.2447 18.5713 2.64328 30
6 1week 15min 0.83404 0.0127821 349.596 31.3578 17.6494 2.63008 30
6 2week 1min 0.943975 0.0081686 2256.13 338.275 122.466 24.0411 30
6 2week 5min 0.931306 0.0102253 748.471 34.4254 34.9786 4.667 30
6 2week 10min 0.918863 0.00746891 543.877 20.9545 25.4055 2.63486 30
6 2week 15min 0.895552 0.0103473 428.716 53.1373 21.0191 3.36408 30
6 3week 1min NA NA NA NA NA NA 0
6 3week 5min NA NA NA NA NA NA 0
6 3week 10min NA NA NA NA NA NA 0
6 3week 15min NA NA NA NA NA NA 0
