3 1week 1day 1min 0.743352 0.0513825 963.371 94.6184 7.17559 1.60749 30
3 1week 1day 5min 0.722465 0.0425877 224.081 45.2281 1.65861 0.433503 30
3 1week 1day 10min 0.705829 0.0488542 137.426 12.4267 1.18402 0.242736 30
3 1week 1day 15min 0.579114 0.0684985 92.6345 15.181 0.848199 0.200379 30
3 2week 1day 1min 0.687492 0.0493642 1865.64 320.762 6.70181 2.02672 30
3 2week 1day 5min 0.647966 0.0572079 318.706 42.8287 1.42066 0.338244 30
3 2week 1day 10min 0.59575 0.0688354 189.497 29.7884 0.942945 0.23381 30
3 2week 1day 15min 0.629264 0.0215272 132.865 17.7307 0.811389 0.213369 30
3 2week 1week 1min 0.93669 0.0130252 1876.9 326.243 43.9767 9.87449 30
3 2week 1week 5min 0.930565 0.0118488 322.824 46.5051 7.87599 1.72816 30
3 2week 1week 10min 0.916431 0.0142567 195.795 19.5105 3.71451 0.882772 30
3 2week 1week 15min 0.923204 0.0126704 121.496 17.0238 2.58346 0.628709 30
4 1week 1day 1min 0.563449 0.0303302 1168.35 135.39 7.5476 1.39581 30
4 1week 1day 5min 0.519551 0.0467991 297.44 11.0759 2.53914 0.291087 30
4 1week 1day 10min 0.528901 0.0264067 177.607 6.79526 1.56889 0.134125 30
4 1week 1day 15min 0.474865 0.0213093 134.967 4.88981 1.28434 0.209453 30
4 2week 1day 1min 0.600182 0.0201347 2523.54 207.171 7.96058 1.5652 30
4 2week 1day 5min 0.514815 0.0231862 541.07 39.7599 2.22259 0.479056 30
4 2week 1day 10min 0.553795 0.0304174 302.701 14.1641 1.6471 0.281747 30
4 2week 1day 15min 0.508618 0.0155169 216.069 12.6382 1.30619 0.197367 30
4 2week 1week 1min 0.915489 0.0136704 2531.01 214.518 57.5003 5.04018 30
4 2week 1week 5min 0.842697 0.036007 530.655 56.6378 10.7084 1.9546 30
4 2week 1week 10min 0.902591 0.0414003 304.182 12.7129 6.26281 0.927107 30
4 2week 1week 15min 0.913074 0.0112643 207.744 17.5114 4.08767 0.638071 30
5 1week 1day 1min 0.432969 0.0260914 1410.77 96.5533 10.3786 1.53569 30
5 1week 1day 5min 0.468367 0.0181062 323.35 39.7965 3.23102 0.659419 30
5 1week 1day 10min 0.466545 0.015827 217.233 9.60879 2.60202 0.313541 30
5 1week 1day 15min 0.460084 0.0221089 177.763 9.18608 2.36318 0.514698 30
5 2week 1day 1min 0.426776 0.0357168 2845.76 232.32 10.1228 1.45436 30
5 2week 1day 5min 0.45422 0.0262154 552.35 54.0234 3.1332 0.771122 30
5 2week 1day 10min 0.491257 0.0360801 253.463 14.9166 1.70327 0.154427 30
5 2week 1day 15min 0.4307 0.0381907 189.019 7.93999 1.71768 0.412599 30
5 2week 1week 1min 0.869317 0.0428912 2879.3 255.373 56.6315 9.07719 30
5 2week 1week 5min 0.79682 0.0638963 536.011 83.751 10.7949 2.2898 30
5 2week 1week 10min 0.762485 0.0438177 251.392 10.9843 5.06189 0.580134 30
5 2week 1week 15min 0.652061 0.0261519 182.753 13.1222 3.80691 0.686804 30
6 1week 1day 1min 0.444687 0.0230588 1827.26 119.369 20.5539 3.14272 30
6 1week 1day 5min 0.468306 0.020437 598.452 27.5291 14.7529 1.34363 30
6 1week 1day 10min 0.470917 0.0146872 400.651 43.1544 13.7251 2.40022 30
6 1week 1day 15min 0.460922 0.0219575 331.913 32.1207 13.1211 2.38842 30
6 2week 1day 1min 0.389921 0.0492069 3436.27 365.806 22.8055 3.3904 30
6 2week 1day 5min 0.463449 0.0384101 637.083 42.1999 10.0614 1.81597 30
6 2week 1day 10min 0.493564 0.0376301 384.491 5.72089 9.1204 0.462759 30
6 2week 1day 15min 0.445362 0.0241327 308.683 4.21965 8.9508 0.187133 30
6 2week 1week 1min 0.873675 0.0330201 3405.7 404.879 74.252 12.2391 30
6 2week 1week 5min 0.597232 0.0811203 634.963 37.581 18.091 2.73802 30
6 2week 1week 10min 0.581802 0.0681438 385.141 5.34111 12.776 0.471508 30
6 2week 1week 15min 0.517668 0.0267222 307.755 3.09278 11.506 0.205894 30
