knn 1day 1min 0.578485 0.0205985 0.719187 0.0622623 22.1447 1.08877 30
randf 1day 1min 0.721515 0.0196294 28.1024 0.808009 0.22011 0.0172924 30
tsf 1day 1min 0.876121 0.0156751 790.769 30.0131 170.379 9.44667 30
rise 1day 1min 0.892788 0.0120366 1808.24 166.854 419.237 48.0011 30
knn 1day 5min 0.579529 0.0186536 0.38073 0.0393375 19.839 1.47129 30
randf 1day 5min 0.73128 0.015499 12.6374 0.545279 0.122673 0.00845962 30
tsf 1day 5min 0.842935 0.0146801 318.426 16.1698 67.836 6.18814 30
rise 1day 5min 0.811413 0.0135763 1038.45 128.779 245.913 42.7145 30
knn 1day 10min 0.603455 0.0180076 0.332063 0.0457432 19.0148 1.54388 30
randf 1day 10min 0.729576 0.0158069 9.52222 0.36508 0.112047 0.00981064 30
tsf 1day 10min 0.823152 0.0152414 200.287 28.3221 38.4777 7.11965 30
rise 1day 10min 0.787333 0.0161249 535.946 51.2677 132.39 23.3769 30
knn 1day 15min 0.59517 0.0255643 0.306782 0.048806 17.3452 2.46897 30
randf 1day 15min 0.718485 0.0202036 7.41641 0.375731 0.107459 0.00776877 30
tsf 1day 15min 0.807036 0.0122031 167.1 36.886 35.3391 10.3194 30
rise 1day 15min 0.767323 0.0117253 405.469 43.944 93.6095 10.7934 30
knn 1week 1min 0.713615 0.0127152 3.76763 0.227651 43.6751 3.40429 30
randf 1week 1min 0.819366 0.0126585 74.5458 1.04532 1.02343 0.0446433 30
tsf 1week 1min 0.918427 0.0107074 3143.9 159.813 683.913 65.6614 30
rise 1week 1min 0.91966 0.0107885 3066.06 168.728 583.207 62.3889 30
knn 1week 5min 0.720576 0.0172224 0.979685 0.0593725 25.0874 1.5525 30
randf 1week 5min 0.830453 0.0149705 33.4952 0.576496 0.309086 0.0222433 30
tsf 1week 5min 0.913169 0.00808458 878.784 144.829 192.419 38.3663 30
rise 1week 5min 0.885538 0.0120364 1956.09 244.607 454.29 59.3418 30
knn 1week 10min 0.720141 0.0176105 0.661714 0.0557013 23.2568 1.1314 30
randf 1week 10min 0.823969 0.0189863 23.5265 0.374053 0.201633 0.0173131 30
tsf 1week 10min 0.897703 0.011914 686.131 39.1716 142.723 20.4811 30
rise 1week 10min 0.888163 0.01319 1717.82 145.138 407.588 50.79 30
knn 1week 15min 0.727091 0.0165852 0.527928 0.0394312 22.4269 0.703619 30
randf 1week 15min 0.824735 0.0135781 19.1002 0.42586 0.170539 0.0123745 30
tsf 1week 15min 0.891637 0.0100945 538.245 34.8358 118.423 8.60104 30
rise 1week 15min 0.878799 0.0142978 1482.87 118.123 338.053 41.8999 30
knn 2week 1min 0.758291 0.0150201 7.05609 0.345786 77.7435 2.91938 30
randf 2week 1min 0.848342 0.0135844 107.776 1.29978 2.06851 0.0937805 30
tsf 2week 1min 0.922316 0.00893353 5848.96 955.531 1309.33 236.17 30
rise 2week 1min 0.921866 0.00888289 4580.85 443.255 783.9 92.733 30
knn 2week 5min 0.761889 0.0126536 1.7103 0.110835 32.9643 1.5518 30
randf 2week 5min 0.85312 0.0147833 47.2906 0.642383 0.48623 0.0278483 30
tsf 2week 5min 0.918943 0.00909669 1039.84 10.9819 220.2 2.99197 30
rise 2week 5min 0.906127 0.00884971 1669.56 87.6206 356.761 18.5444 30
knn 2week 10min 0.757898 0.0156428 0.991845 0.0764065 28.4181 1.42628 30
randf 2week 10min 0.852164 0.0133837 32.2365 1.78871 0.300197 0.0363995 30
tsf 2week 10min 0.914896 0.0106996 639.389 8.33424 133.776 2.08871 30
rise 2week 10min 0.902248 0.0101517 1335.08 26.2541 302.13 5.33957 30
knn 2week 15min 0.751939 0.0162616 0.778133 0.079481 26.9497 1.5096 30
randf 2week 15min 0.855593 0.0143398 25.3294 2.24243 0.216804 0.0233764 30
tsf 2week 15min 0.911692 0.012059 500.444 7.32586 104.101 1.8356 30
rise 2week 15min 0.898763 0.00974767 1199.91 31.9786 275.754 7.14867 30
knn 3week 1min NA NA NA NA NA NA 0
randf 3week 1min NA NA NA NA NA NA 0
tsf 3week 1min NA NA NA NA NA NA 0
rise 3week 1min NA NA NA NA NA NA 0
knn 3week 5min NA NA NA NA NA NA 0
randf 3week 5min NA NA NA NA NA NA 0
tsf 3week 5min NA NA NA NA NA NA 0
rise 3week 5min NA NA NA NA NA NA 0
knn 3week 10min NA NA NA NA NA NA 0
randf 3week 10min NA NA NA NA NA NA 0
tsf 3week 10min NA NA NA NA NA NA 0
rise 3week 10min NA NA NA NA NA NA 0
knn 3week 15min NA NA NA NA NA NA 0
randf 3week 15min NA NA NA NA NA NA 0
tsf 3week 15min NA NA NA NA NA NA 0
rise 3week 15min NA NA NA NA NA NA 0
