knn 1day 1min 0.616424 0.0160895 0.322156 0.0159545 14.0492 0.526597 30
randf 1day 1min 0.779333 0.0199485 17.5698 0.635952 0.10334 0.0048766 30
tsf 1day 1min 0.911455 0.0105926 621.212 160.057 133.518 34.9043 30
rise 1day 1min 0.913636 0.0116641 1525.78 257.28 347.926 65.3267 30
knn 1day 5min 0.621316 0.0161648 0.193504 0.0068824 11.1921 0.432572 30
randf 1day 5min 0.782548 0.0149727 7.97291 0.121722 0.0679897 0.000938817 30
tsf 1day 5min 0.897705 0.0122197 275.037 33.6597 56.6986 12.2463 30
rise 1day 5min 0.852295 0.0112757 760.812 64.8779 174.494 18.0669 30
knn 1day 10min 0.625818 0.0232419 0.177488 0.00739186 10.8189 0.265101 30
randf 1day 10min 0.780242 0.0170074 6.03664 0.0737984 0.0635602 0.00613761 30
tsf 1day 10min 0.885212 0.0139104 193.711 27.8192 38.0198 9.04514 30
rise 1day 10min 0.831636 0.0160478 489.681 20.3823 115.119 5.6575 30
knn 1day 15min 0.626774 0.0205663 0.172587 0.00705398 10.6544 0.326318 30
randf 1day 15min 0.771497 0.0167283 4.77305 0.105838 0.0602983 0.000730222 30
tsf 1day 15min 0.870066 0.0134321 156.23 20.6246 31.6734 7.09163 30
rise 1day 15min 0.814192 0.0116952 361.479 18.6954 85.8499 5.76887 30
knn 1week 1min 0.797535 0.0136216 1.59008 0.0379449 26.6075 0.760785 30
randf 1week 1min 0.895481 0.0120164 40.4429 0.377076 0.448694 0.0143389 30
tsf 1week 1min 0.937383 0.009381 2485.07 376.639 555.79 94.3021 30
rise 1week 1min 0.92993 0.00934352 2440.67 386.185 472.646 84.051 30
knn 1week 5min 0.800353 0.0157434 0.440086 0.0116498 14.2691 0.303088 30
randf 1week 5min 0.898589 0.0120222 17.9126 0.177449 0.135172 0.00697878 30
tsf 1week 5min 0.937449 0.00878463 600.878 13.5294 128.869 3.77721 30
rise 1week 5min 0.917931 0.00948898 1287.07 33.1952 290.882 8.49962 30
knn 1week 10min 0.797939 0.0173014 0.291122 0.00687839 14.1687 0.305701 30
randf 1week 10min 0.893934 0.0134513 12.8091 0.125654 0.0963457 0.00377226 30
tsf 1week 10min 0.934806 0.00976951 388.325 6.78342 82.6759 2.48887 30
rise 1week 10min 0.916313 0.0110334 1058.71 31.4765 247.416 6.95599 30
knn 1week 15min 0.796938 0.0150485 0.268094 0.011065 13.6679 0.325427 30
randf 1week 15min 0.894464 0.0137946 10.3392 0.089814 0.0853284 0.00103764 30
tsf 1week 15min 0.93563 0.0081254 306.43 5.25476 64.9875 1.95627 30
rise 1week 15min 0.916726 0.0129394 948.587 31.8936 222.432 7.651 30
knn 2week 1min 0.843564 0.0138613 4.41072 0.21951 73.2624 5.34575 30
randf 2week 1min 0.91068 0.010951 91.6656 2.92391 1.45797 0.0889612 30
tsf 2week 1min 0.942383 0.00745107 4659.3 705.209 1042.53 141.194 30
rise 2week 1min 0.927937 0.00924637 3428.43 566.374 572.38 103.538 30
knn 2week 5min 0.844913 0.0141401 1.09646 0.0761108 30.2391 2.00656 30
randf 2week 5min 0.916751 0.00998619 41.4473 1.75088 0.354447 0.0303493 30
tsf 2week 5min 0.941765 0.00751201 998.214 13.2241 215.743 3.24688 30
rise 2week 5min 0.92136 0.00935759 1562.1 44.4908 336.815 9.02186 30
knn 2week 10min 0.843339 0.015672 0.738692 0.0813449 27.4751 2.42869 30
randf 2week 10min 0.916695 0.00947337 28.6396 0.579039 0.234146 0.016367 30
tsf 2week 10min 0.93946 0.00645338 612.08 9.03368 131.029 2.20273 30
rise 2week 10min 0.919786 0.00839888 1312.95 35.2984 297.612 7.91748 30
knn 2week 15min 0.840191 0.0135609 0.562419 0.0408655 25.8534 2.04478 30
randf 2week 15min 0.91647 0.0114522 22.8255 1.96592 0.175929 0.0222232 30
tsf 2week 15min 0.938505 0.00669771 522.694 107.477 111.312 22.0535 30
rise 2week 15min 0.920742 0.00847231 1292.93 236 299.451 54.4566 30
knn 3week 1min NA NA NA NA NA NA 0
randf 3week 1min NA NA NA NA NA NA 0
tsf 3week 1min NA NA NA NA NA NA 0
rise 3week 1min NA NA NA NA NA NA 0
knn 3week 5min NA NA NA NA NA NA 0
randf 3week 5min NA NA NA NA NA NA 0
tsf 3week 5min NA NA NA NA NA NA 0
rise 3week 5min NA NA NA NA NA NA 0
knn 3week 10min NA NA NA NA NA NA 0
randf 3week 10min NA NA NA NA NA NA 0
tsf 3week 10min NA NA NA NA NA NA 0
rise 3week 10min NA NA NA NA NA NA 0
knn 3week 15min NA NA NA NA NA NA 0
randf 3week 15min NA NA NA NA NA NA 0
tsf 3week 15min NA NA NA NA NA NA 0
rise 3week 15min NA NA NA NA NA NA 0
