3 1day 1min 0.87292 0.0130973 190.156 22.1418 8.04174 1.26614 30
3 1day 5min 0.847662 0.0125787 79.9742 5.19763 2.02167 0.466706 30
3 1day 10min 0.803825 0.021822 64.9794 5.42096 1.30423 0.272284 30
3 1day 15min 0.772771 0.0165601 63.4445 5.47995 1.05603 0.168052 30
3 1week 1min 0.933922 0.0105253 981.575 137.391 50.522 9.39142 30
3 1week 5min 0.934688 0.00951424 207.747 22.9744 8.72853 1.87508 30
3 1week 10min 0.932391 0.00815514 119.906 16.7983 4.36023 1.07841 30
3 1week 15min 0.903769 0.0263479 92.7501 11.1411 2.87169 0.754485 30
3 2week 1min 0.939189 0.00823956 1882.63 318.132 100.235 16.952 30
3 2week 5min 0.938908 0.00768449 300.805 20.7333 14.294 0.899891 30
3 2week 10min 0.933615 0.00729117 163.97 10.1494 7.3439 1.19008 30
3 2week 15min 0.938007 0.00714119 117.513 3.90798 4.72207 0.632789 30
3 3week 1min NA NA NA NA NA NA 0
3 3week 5min NA NA NA NA NA NA 0
3 3week 10min NA NA NA NA NA NA 0
3 3week 15min NA NA NA NA NA NA 0
4 1day 1min 0.883728 0.0155377 223.585 22.6849 8.19991 1.34646 30
4 1day 5min 0.833515 0.0217877 89.2644 6.67863 2.11209 0.325849 30
4 1day 10min 0.748573 0.0238814 72.2366 7.19315 1.55725 0.274075 30
4 1day 15min 0.737163 0.0278196 71.1849 6.33713 1.28182 0.295229 30
4 1week 1min 0.940636 0.00982718 1110.62 154.026 50.6272 8.59896 30
4 1week 5min 0.941932 0.0103097 225.587 27.0187 9.15692 1.80609 30
4 1week 10min 0.930271 0.00797901 128.371 18.1063 4.76863 1.18983 30
4 1week 15min 0.913192 0.0204085 100.445 16.3729 3.04793 0.789579 30
4 2week 1min 0.940709 0.00719882 2082.52 402.429 98.3769 18.6051 30
4 2week 5min 0.9442 0.00697858 343.492 16.5306 15.3989 1.40381 30
4 2week 10min 0.943919 0.00824433 178.949 7.43185 7.2476 0.74177 30
4 2week 15min 0.940991 0.00788482 126.58 3.33219 4.69516 0.429127 30
4 3week 1min NA NA NA NA NA NA 0
4 3week 5min NA NA NA NA NA NA 0
4 3week 10min NA NA NA NA NA NA 0
4 3week 15min NA NA NA NA NA NA 0
5 1day 1min 0.888828 0.0156872 285.727 23.3265 10.5587 1.64808 30
5 1day 5min 0.819186 0.0169792 122.421 7.63536 3.41118 1.05369 30
5 1day 10min 0.588767 0.0181374 91.2912 9.24311 2.09918 0.494189 30
5 1day 15min 0.551586 0.0176831 69.8868 6.89064 2.02849 0.392177 30
5 1week 1min 0.941048 0.010128 1280.27 178 56.6474 9.38571 30
5 1week 5min 0.941696 0.010197 268.965 26.9728 10.4367 2.25706 30
5 1week 10min 0.926678 0.0106589 150.646 23.3612 5.33048 1.27549 30
5 1week 15min 0.915312 0.00927884 123.209 20.2371 3.82483 0.916249 30
5 2week 1min 0.944032 0.0073125 2359.38 494.214 105.197 18.3043 30
5 2week 5min 0.946847 0.00714921 396.812 14.3657 16.514 1.09254 30
5 2week 10min 0.9433 0.00827154 210.822 3.72085 7.99867 0.377965 30
5 2week 15min 0.936881 0.00750833 157.398 3.05166 5.65211 0.371519 30
5 3week 1min NA NA NA NA NA NA 0
5 3week 5min NA NA NA NA NA NA 0
5 3week 10min NA NA NA NA NA NA 0
5 3week 15min NA NA NA NA NA NA 0
6 1day 1min 0.889617 0.0114164 526.599 44.6027 23.7222 3.32091 30
6 1day 5min 0.666606 0.036825 277.667 30.4952 14.1617 2.99933 30
6 1day 10min 0.565088 0.0210238 251.642 29.5061 15.0412 3.11679 30
6 1day 15min 0.56158 0.0403833 187.445 17.8206 16.7519 2.79722 30
6 1week 1min 0.939635 0.00875539 1624.81 241.279 68.6964 13.5233 30
6 1week 5min 0.93775 0.00966242 380.825 35.4771 17.9557 2.62947 30
6 1week 10min 0.91437 0.00987235 274.339 21.3932 14.0723 1.96032 30
6 1week 15min 0.879918 0.0333372 240.986 20.6112 13.1155 1.6381 30
6 2week 1min 0.944707 0.00727472 2754.14 608.233 125.766 21.7819 30
6 2week 5min 0.947973 0.00885429 547.713 9.0382 23.8327 1.29143 30
6 2week 10min 0.938514 0.00885652 353.318 3.38842 16.7948 1.08106 30
6 2week 15min 0.927027 0.014384 297.008 1.72343 14.6375 0.26263 30
6 3week 1min NA NA NA NA NA NA 0
6 3week 5min NA NA NA NA NA NA 0
6 3week 10min NA NA NA NA NA NA 0
6 3week 15min NA NA NA NA NA NA 0
