knn 1day 1min 0.555212 0.0235396 0.824329 0.10552 22.2129 1.78513 30
randf 1day 1min 0.683939 0.0166713 28.8501 0.82618 0.245939 0.0154101 30
tsf 1day 1min 0.845273 0.0141026 792.242 32.1062 169.904 7.68949 30
rise 1day 1min 0.811455 0.0203147 1776.06 194.371 414.305 51.1956 30
knn 1day 5min 0.550543 0.0159383 0.395362 0.0400671 19.7798 1.62349 30
randf 1day 5min 0.6782 0.0115997 13.2795 0.607969 0.127561 0.0118922 30
tsf 1day 5min 0.81093 0.0144653 319.752 12.5873 67.0133 6.50572 30
rise 1day 5min 0.726389 0.0149121 1027.67 130.665 246.115 48.8034 30
knn 1day 10min 0.557879 0.01359 0.343934 0.041523 19.0357 1.39715 30
randf 1day 10min 0.67303 0.0179362 10.1264 0.432861 0.112351 0.00921406 30
tsf 1day 10min 0.78703 0.0155436 206.494 27.5062 40.6341 10.2533 30
rise 1day 10min 0.717636 0.021918 550.488 69.6587 132.544 27.4783 30
knn 1day 15min 0.573524 0.0190691 0.307135 0.0656467 17.1692 2.42398 30
randf 1day 15min 0.666309 0.0148689 7.61226 0.387493 0.110397 0.00723818 30
tsf 1day 15min 0.758557 0.0198399 164.187 31.1786 32.7288 8.2192 30
rise 1day 15min 0.685927 0.018936 410.811 46.8977 101.069 20.0077 30
knn 1week 1min 0.697124 0.0164863 4.53304 0.196265 42.948 1.76432 30
randf 1week 1min 0.793603 0.0160207 79.9642 0.948896 1.22318 0.0629212 30
tsf 1week 1min 0.910094 0.011521 3126.73 218.472 705.154 56.5566 30
rise 1week 1min 0.870951 0.0156595 3002.32 147.079 572.651 61.0813 30
knn 1week 5min 0.695826 0.0188691 1.13585 0.0752511 25.4646 1.08121 30
randf 1week 5min 0.788771 0.0147754 36.0607 0.579135 0.349269 0.0323966 30
tsf 1week 5min 0.891123 0.0103352 908.809 149.183 195.482 38.7139 30
rise 1week 5min 0.81358 0.0138419 1971.39 213.149 445.939 58.2609 30
knn 1week 10min 0.700589 0.0174023 0.716821 0.0551168 23.3529 0.888637 30
randf 1week 10min 0.78616 0.0189749 25.0599 0.49326 0.224549 0.0214096 30
tsf 1week 10min 0.88245 0.0127551 690.248 37.3407 145.489 20.7849 30
rise 1week 10min 0.815665 0.0224268 1719.02 129.35 412.796 42.8091 30
knn 1week 15min 0.690283 0.0173801 0.577537 0.0508514 22.6174 0.799929 30
randf 1week 15min 0.788516 0.0169283 19.7954 0.546542 0.174767 0.0156398 30
tsf 1week 15min 0.874205 0.0132572 538.139 36.1075 114.102 12.3633 30
rise 1week 15min 0.802591 0.0198534 1476.02 105.605 360.057 37.0533 30
knn 2week 1min 0.715121 0.0140458 8.45934 0.358046 77.9738 3.53841 30
randf 2week 1min 0.815065 0.0174146 118.202 1.77408 2.35449 0.129702 30
tsf 2week 1min 0.918999 0.0110046 5843.23 953.263 1302.97 233.26 30
rise 2week 1min 0.904778 0.0117313 4577.18 400.888 792.132 76.8391 30
knn 2week 5min 0.721641 0.0206483 1.98018 0.136035 32.5485 1.97433 30
randf 2week 5min 0.819618 0.0199653 52.7838 1.03188 0.585914 0.038001 30
tsf 2week 5min 0.905284 0.0111163 1043.71 12.9271 220.543 3.37293 30
rise 2week 5min 0.876897 0.0116075 1654.41 84.7788 355.671 19.8243 30
knn 2week 10min 0.715289 0.0169277 1.1255 0.0887743 28.5591 1.47015 30
randf 2week 10min 0.812254 0.0148163 33.7621 3.27695 0.320328 0.0464277 30
tsf 2week 10min 0.901518 0.0104292 640.812 8.1569 132.672 2.1489 30
rise 2week 10min 0.868241 0.0120285 1326.89 35.9338 301.7 7.04444 30
knn 2week 15min 0.715402 0.0192511 0.866092 0.0705784 26.6637 2.08912 30
randf 2week 15min 0.820854 0.0146121 25.984 3.87884 0.219768 0.0486384 30
tsf 2week 15min 0.901461 0.0108177 501.541 6.28501 103.513 1.48593 30
rise 2week 15min 0.86796 0.0121858 1183.11 39.1333 273.433 8.81522 30
knn 3week 1min NA NA NA NA NA NA 0
randf 3week 1min NA NA NA NA NA NA 0
tsf 3week 1min NA NA NA NA NA NA 0
rise 3week 1min NA NA NA NA NA NA 0
knn 3week 5min NA NA NA NA NA NA 0
randf 3week 5min NA NA NA NA NA NA 0
tsf 3week 5min NA NA NA NA NA NA 0
rise 3week 5min NA NA NA NA NA NA 0
knn 3week 10min NA NA NA NA NA NA 0
randf 3week 10min NA NA NA NA NA NA 0
tsf 3week 10min NA NA NA NA NA NA 0
rise 3week 10min NA NA NA NA NA NA 0
knn 3week 15min NA NA NA NA NA NA 0
randf 3week 15min NA NA NA NA NA NA 0
tsf 3week 15min NA NA NA NA NA NA 0
rise 3week 15min NA NA NA NA NA NA 0
