knn 1day 1min 0.611697 0.0180792 0.598138 0.0376306 22.0034 1.09451 30
randf 1day 1min 0.769152 0.0169184 26.9092 0.866671 0.198488 0.0147319 30
tsf 1day 1min 0.899758 0.0133927 795.008 31.2128 174.421 10.646 30
rise 1day 1min 0.909879 0.0122358 1791.45 180.84 429.119 41.0095 30
knn 1day 5min 0.62029 0.0158046 0.35098 0.0393267 20.2793 1.72859 30
randf 1day 5min 0.773913 0.0175215 12.1405 0.421116 0.120508 0.00853964 30
tsf 1day 5min 0.873853 0.0177912 319.472 15.0207 66.1875 7.0742 30
rise 1day 5min 0.842572 0.013742 1030.5 153.78 243.111 43.3732 30
knn 1day 10min 0.620242 0.0222974 0.321635 0.0310299 19.0396 1.23359 30
randf 1day 10min 0.769697 0.016673 9.21477 0.407485 0.107415 0.00808422 30
tsf 1day 10min 0.863455 0.0160673 199.88 26.9823 42.4721 10.4992 30
rise 1day 10min 0.824364 0.0158405 555.577 56.4162 131.088 21.3365 30
knn 1day 15min 0.622481 0.0193271 0.297079 0.0576609 17.2085 2.4786 30
randf 1day 15min 0.766846 0.0209378 7.18597 0.390519 0.106889 0.00887698 30
tsf 1day 15min 0.857662 0.0109943 150.511 30.6821 33.1201 9.74075 30
rise 1day 15min 0.800954 0.0134029 411.227 52.0258 95.2392 12.879 30
knn 1week 1min 0.785563 0.0173697 2.98274 0.179063 43.2054 1.76566 30
randf 1week 1min 0.888204 0.0114355 64.6026 1.31619 0.847657 0.0349186 30
tsf 1week 1min 0.932277 0.0107513 3107.9 201.61 688.326 78.5252 30
rise 1week 1min 0.92723 0.0101751 3034.08 182.606 582.562 63.013 30
knn 1week 5min 0.784421 0.0193737 0.874353 0.0705079 25.7567 1.18246 30
randf 1week 5min 0.882011 0.0130867 28.3769 0.506186 0.25973 0.0202813 30
tsf 1week 5min 0.932275 0.00927019 889.324 129.911 190.787 39.3113 30
rise 1week 5min 0.911287 0.0110496 1950.2 236.262 448.196 74.6061 30
knn 1week 10min 0.782273 0.0168424 0.554456 0.0390851 22.9817 1.14705 30
randf 1week 10min 0.880212 0.0141373 20.3889 0.513512 0.186619 0.0176952 30
tsf 1week 10min 0.928269 0.00863801 674.117 40.0201 145.963 22.5312 30
rise 1week 10min 0.909835 0.013371 1730.18 147.185 403.826 56.4611 30
knn 1week 15min 0.78616 0.0149736 0.783284 0.0986263 22.8971 1.1908 30
randf 1week 15min 0.881743 0.0126806 16.3832 0.715801 0.148185 0.00752126 30
tsf 1week 15min 0.924912 0.0110262 529.629 28.0799 117.662 13.8762 30
rise 1week 15min 0.91119 0.0128744 1487.19 138.506 353.777 33.8453 30
knn 2week 1min 0.820292 0.0153581 5.2399 0.222285 76.4954 2.37158 30
randf 2week 1min 0.89421 0.0103094 96.5285 1.59209 1.62812 0.0938961 30
tsf 2week 1min 0.935638 0.00681886 5824.32 959.993 1331.47 234.116 30
rise 2week 1min 0.926307 0.00946871 4551.94 358.296 780.468 83.6827 30
knn 2week 5min 0.825014 0.0150028 1.35357 0.131851 33.1493 2.35701 30
randf 2week 5min 0.898707 0.0102808 43.5928 0.808646 0.415727 0.0284969 30
tsf 2week 5min 0.934064 0.00749393 1025.88 14.0809 220.739 3.27886 30
rise 2week 5min 0.917707 0.00868266 1662.6 90.4262 357.464 20.2818 30
knn 2week 10min 0.822203 0.0149832 0.860529 0.0833092 27.7667 1.50276 30
randf 2week 10min 0.902811 0.0105031 30.2015 0.653591 0.273868 0.0221405 30
tsf 2week 10min 0.933671 0.0074675 630.554 7.55411 133.925 1.72169 30
rise 2week 10min 0.917426 0.0101807 1341.04 37.7374 304.068 8.87635 30
knn 2week 15min 0.824283 0.0182131 0.655197 0.0521055 26.3906 1.45181 30
randf 2week 15min 0.903148 0.0120036 23.0966 2.21012 0.188848 0.0264073 30
tsf 2week 15min 0.930073 0.00870898 490.056 6.86823 104.216 1.71118 30
rise 2week 15min 0.917931 0.00965518 1199.08 42.4754 276.548 9.52512 30
knn 3week 1min NA NA NA NA NA NA 0
randf 3week 1min NA NA NA NA NA NA 0
tsf 3week 1min NA NA NA NA NA NA 0
rise 3week 1min NA NA NA NA NA NA 0
knn 3week 5min NA NA NA NA NA NA 0
randf 3week 5min NA NA NA NA NA NA 0
tsf 3week 5min NA NA NA NA NA NA 0
rise 3week 5min NA NA NA NA NA NA 0
knn 3week 10min NA NA NA NA NA NA 0
randf 3week 10min NA NA NA NA NA NA 0
tsf 3week 10min NA NA NA NA NA NA 0
rise 3week 10min NA NA NA NA NA NA 0
knn 3week 15min NA NA NA NA NA NA 0
randf 3week 15min NA NA NA NA NA NA 0
tsf 3week 15min NA NA NA NA NA NA 0
rise 3week 15min NA NA NA NA NA NA 0
