3 1day 1min 0.865999 0.012388 167.513 26.7106 6.43429 1.4621 30
3 1day 5min 0.83224 0.0133025 69.6708 5.68294 1.65933 0.479671 30
3 1day 10min 0.788039 0.0164907 61.8461 3.64911 1.32877 0.440773 30
3 1day 15min 0.746619 0.015004 54.208 5.77563 0.95017 0.283403 30
3 1week 1min 0.930978 0.00933666 1067.64 56.5002 55.3405 5.09589 30
3 1week 5min 0.929211 0.0103638 237.24 14.0556 10.3662 1.51837 30
3 1week 10min 0.921378 0.0177635 119.145 16.0056 4.07965 1.00803 30
3 1week 15min 0.911955 0.0133032 88.7632 11.9304 2.7869 0.651153 30
3 2week 1min 0.935586 0.00927049 2026.22 137.392 110.614 12.75 30
3 2week 5min 0.937556 0.00741605 472.855 42.24 22.8604 4.44242 30
3 2week 10min 0.932207 0.0106532 263.047 22.7546 11.9883 2.5288 30
3 2week 15min 0.938119 0.00729567 182.94 9.782 7.48437 0.67641 30
3 3week 1min NA NA NA NA NA NA 0
3 3week 5min NA NA NA NA NA NA 0
3 3week 10min NA NA NA NA NA NA 0
3 3week 15min NA NA NA NA NA NA 0
4 1day 1min 0.869581 0.0145137 194.181 25.0513 7.40587 1.87687 30
4 1day 5min 0.827262 0.0164532 81.3964 5.01473 2.14205 0.68116 30
4 1day 10min 0.75167 0.0264537 67.6707 3.97149 1.30222 0.323058 30
4 1day 15min 0.717235 0.0233928 47.5116 6.10206 0.897802 0.282961 30
4 1week 1min 0.936514 0.00943985 1154.21 49.9977 54.9008 4.04104 30
4 1week 5min 0.937279 0.0118269 254.845 15.6789 10.5736 1.51373 30
4 1week 10min 0.928975 0.00935355 148.694 15.3237 4.93441 0.906709 30
4 1week 15min 0.903357 0.0101986 115.651 13.4274 3.66604 0.685362 30
4 2week 1min 0.939358 0.00864 2327.12 159.242 114.861 10.142 30
4 2week 5min 0.943356 0.006409 559.031 48.4277 23.7262 3.93639 30
4 2week 10min 0.937782 0.00844109 265.871 33.43 10.39 1.63153 30
4 2week 15min 0.936205 0.0080301 192.141 21.3146 6.62033 1.32622 30
4 3week 1min NA NA NA NA NA NA 0
4 3week 5min NA NA NA NA NA NA 0
4 3week 10min NA NA NA NA NA NA 0
4 3week 15min NA NA NA NA NA NA 0
5 1day 1min 0.886642 0.0148109 283.872 15.3075 10.2945 1.50582 30
5 1day 5min 0.801032 0.0130973 127.905 5.15221 3.66661 0.710911 30
5 1day 10min 0.752338 0.0175527 110.109 5.45443 2.6933 0.432174 30
5 1day 15min 0.703651 0.0528768 84.2631 5.77923 2.24413 0.303857 30
5 1week 1min 0.938869 0.0101292 1295.58 87.914 55.2885 5.16391 30
5 1week 5min 0.935925 0.0109398 245.684 33.4389 10.2085 2.31652 30
5 1week 10min 0.92179 0.00788675 129.162 4.82033 4.39206 0.439242 30
5 1week 15min 0.910306 0.0124731 100.368 1.68405 3.19733 0.198209 30
5 2week 1min 0.941441 0.00798895 2533.08 425.177 117.754 21.2967 30
5 2week 5min 0.943806 0.00711057 629.59 54.2884 26.737 2.10786 30
5 2week 10min 0.936599 0.00800618 374.313 24.6297 13.5753 1.22478 30
5 2week 15min 0.93277 0.00828005 271.914 17.1794 8.99179 1.20645 30
5 3week 1min NA NA NA NA NA NA 0
5 3week 5min NA NA NA NA NA NA 0
5 3week 10min NA NA NA NA NA NA 0
5 3week 15min NA NA NA NA NA NA 0
6 1day 1min 0.879964 0.0115137 553.226 27.2875 24.691 3.16017 30
6 1day 5min 0.71105 0.0745432 344.946 20.5448 16.8021 1.56639 30
6 1day 10min 0.542684 0.0189472 298.092 11.8734 17.3463 1.27789 30
6 1day 15min 0.5231 0.0283455 213.83 13.7797 18.0834 3.3638 30
6 1week 1min 0.938339 0.0111967 1607.03 145.773 68.8163 12.8224 30
6 1week 5min 0.931331 0.0109968 578.369 38.2157 25.6116 2.66795 30
6 1week 10min 0.910895 0.0110354 469.346 48.131 21.9355 4.22071 30
6 1week 15min 0.89417 0.00992257 390.136 30.9134 18.6868 2.01418 30
6 2week 1min 0.940878 0.00813138 3247.62 478.755 141.262 23.1742 30
6 2week 5min 0.942736 0.00813561 901.255 120.587 37.7208 4.7209 30
6 2week 10min 0.933052 0.00895466 657.038 45.7513 28.816 2.53251 30
6 2week 15min 0.925619 0.00951921 508.16 35.9749 22.5802 2.42527 30
6 3week 1min NA NA NA NA NA NA 0
6 3week 5min NA NA NA NA NA NA 0
6 3week 10min NA NA NA NA NA NA 0
6 3week 15min NA NA NA NA NA NA 0
