3 1day 1min 0.844384 0.013219 154.377 22.874 6.64309 1.4636 30
3 1day 5min 0.790468 0.0161472 64.8668 4.82123 1.87104 0.578394 30
3 1day 10min 0.742259 0.0168223 58.8422 4.53537 1.12774 0.300685 30
3 1day 15min 0.683483 0.0194632 60.1774 6.88354 0.977532 0.296497 30
3 1week 1min 0.927444 0.0081815 936.284 52.9334 53.6914 5.36941 30
3 1week 5min 0.924853 0.0102783 212.3 8.64304 10.1901 1.20003 30
3 1week 10min 0.922792 0.0094537 129.321 9.36106 5.0221 0.551221 30
3 1week 15min 0.895347 0.0373257 91.3349 8.67545 3.23995 0.61757 30
3 2week 1min 0.930124 0.0105115 1783.53 117.435 111.537 12.4471 30
3 2week 5min 0.938682 0.011047 401.405 20.6694 21.7489 2.10014 30
3 2week 10min 0.936092 0.00804724 229.81 19.1945 10.802 2.00566 30
3 2week 15min 0.919088 0.0180593 184.625 8.60992 8.29273 1.59894 30
3 3week 1min NA NA NA NA NA NA 0
3 3week 5min NA NA NA NA NA NA 0
3 3week 10min NA NA NA NA NA NA 0
3 3week 15min NA NA NA NA NA NA 0
4 1day 1min 0.855252 0.015827 175.246 22.398 6.80176 1.83436 30
4 1day 5min 0.762599 0.0195207 77.028 4.18232 1.80736 0.619962 30
4 1day 10min 0.692835 0.0252415 65.2865 4.41279 1.44436 0.400306 30
4 1day 15min 0.676122 0.0164788 56.1716 8.43875 1.04123 0.233112 30
4 1week 1min 0.935041 0.00974009 1005.04 52.2454 52.316 3.97732 30
4 1week 5min 0.929329 0.00876665 229.964 15.5926 10.6052 1.27434 30
4 1week 10min 0.916431 0.0111756 141.424 11.2939 5.06682 0.927773 30
4 1week 15min 0.905889 0.011355 105.634 10.0661 3.70337 0.638971 30
4 2week 1min 0.936768 0.00838964 1983.62 162.179 108.929 13.9475 30
4 2week 5min 0.944088 0.00883148 466.614 39.7884 22.2362 4.0431 30
4 2week 10min 0.940315 0.0096307 280.832 17.3094 11.4581 1.3692 30
4 2week 15min 0.931194 0.00904703 190.179 12.9235 7.77883 1.09116 30
4 3week 1min NA NA NA NA NA NA 0
4 3week 5min NA NA NA NA NA NA 0
4 3week 10min NA NA NA NA NA NA 0
4 3week 15min NA NA NA NA NA NA 0
5 1day 1min 0.854766 0.0159508 250.084 13.8327 9.92643 1.41623 30
5 1day 5min 0.746327 0.0152917 124.394 4.20037 3.40415 0.488286 30
5 1day 10min 0.696478 0.0111926 107.457 4.94087 2.80119 0.555208 30
5 1day 15min 0.647277 0.0424611 85.5061 6.32215 2.38484 0.304804 30
5 1week 1min 0.939282 0.0105853 1127.76 72.3684 56.3424 6.45493 30
5 1week 5min 0.926325 0.0114232 245.655 20.3383 10.4586 2.21067 30
5 1week 10min 0.910718 0.00942614 135.234 19.5218 5.10671 1.13445 30
5 1week 15min 0.884158 0.0128973 98.468 3.41732 3.13001 0.152977 30
5 2week 1min 0.941216 0.00718582 2194.75 321.648 109.483 17.7318 30
5 2week 5min 0.944651 0.00743194 572.721 26.5386 25.9689 3.49202 30
5 2week 10min 0.939245 0.00819746 321.103 33.4066 12.2318 1.95321 30
5 2week 15min 0.927646 0.00849917 256.593 5.71528 9.90426 1.42182 30
5 3week 1min NA NA NA NA NA NA 0
5 3week 5min NA NA NA NA NA NA 0
5 3week 10min NA NA NA NA NA NA 0
5 3week 15min NA NA NA NA NA NA 0
6 1day 1min 0.853734 0.0113516 511.113 27.0181 24.2189 2.72186 30
6 1day 5min 0.734973 0.0142444 349.653 17.226 17.5448 2.12102 30
6 1day 10min 0.661202 0.0526726 298.778 9.80072 17.9725 2.43049 30
6 1day 15min 0.593597 0.0415876 221.493 15.187 17.5883 2.78619 30
6 1week 1min 0.938575 0.0101514 1397.65 132.267 70.5919 7.85644 30
6 1week 5min 0.927385 0.00952403 494.194 50.4362 22.3983 3.53126 30
6 1week 10min 0.892756 0.01049 418.657 30.8853 20.2592 3.08941 30
6 1week 15min 0.868316 0.0117538 400.198 43.2372 19.4925 3.51195 30
6 2week 1min 0.941498 0.00825726 2671.71 485.415 134.852 23.2878 30
6 2week 5min 0.938851 0.00835105 870.274 50.9989 38.6718 2.73257 30
6 2week 10min 0.928773 0.00917822 528.352 64.4901 24.4015 4.48369 30
6 2week 15min 0.909347 0.0091809 517.965 10.6889 23.7387 2.08953 30
6 3week 1min NA NA NA NA NA NA 0
6 3week 5min NA NA NA NA NA NA 0
6 3week 10min NA NA NA NA NA NA 0
6 3week 15min NA NA NA NA NA NA 0
