3 1day 1min 0.725194 0.0131671 266.14 16.0217 30
3 1day 5min 0.670247 0.0167724 127.78 10.9164 30
3 1day 10min 0.625969 0.0142838 106.638 9.02824 30
3 1day 15min 0.583715 0.01922 105.395 9.78155 30
3 1week 1min 0.805532 0.0148155 1163.96 350.504 30
3 1week 5min 0.779502 0.0119527 226.402 18.4378 30
3 1week 10min 0.782109 0.0111273 147.652 10.1539 30
3 1week 15min 0.792655 0.0131162 151.555 11.6175 30
3 2week 1min 0.834097 0.0170265 1844.74 334.193 30
3 2week 5min 0.815274 0.0119705 362.024 9.07811 30
3 2week 10min 0.808131 0.0109172 197.218 7.29597 30
3 2week 15min 0.826819 0.0157954 136.093 8.82633 30
3 3week 1min 0.871588 0.0135533 3968.5 398.527 30
3 3week 5min 0.851051 0.0175738 647.536 53.9335 30
3 3week 10min 0.831678 0.0112888 342.65 39.775 30
3 3week 15min 0.856018 0.0121392 225.518 21.984 30
4 1day 1min 0.728537 0.0181728 303.903 13.6919 30
4 1day 5min 0.65791 0.0191152 147.667 9.97957 30
4 1day 10min 0.598983 0.0174266 121.579 4.88323 30
4 1day 15min 0.558309 0.0182315 97.2713 15.8033 30
4 1week 1min 0.821988 0.0137045 1271.61 386.009 30
4 1week 5min 0.788058 0.0132152 269.188 12.7022 30
4 1week 10min 0.770527 0.0133518 205.139 21.3158 30
4 1week 15min 0.777731 0.0141169 142.131 8.04911 30
4 2week 1min 0.833693 0.0117149 2042.29 367.472 30
4 2week 5min 0.808401 0.0102948 410.294 10.1622 30
4 2week 10min 0.799057 0.013073 248.37 59.5808 30
4 2week 15min 0.801887 0.0113422 209.953 27.7223 30
4 3week 1min 0.854989 0.00955974 4385.99 468.276 30
4 3week 5min 0.836421 0.0128299 721.306 64.9102 30
4 3week 10min 0.819553 0.0118897 343.915 40.908 30
4 3week 15min 0.828412 0.0137479 235.55 26.1886 30
5 1day 1min 0.718169 0.0176426 237.167 20.2432 30
5 1day 5min 0.647073 0.017114 131.945 8.39827 30
5 1day 10min 0.597432 0.0153276 106.88 8.07029 30
5 1day 15min 0.534336 0.0196238 85.7294 7.03999 30
5 1week 1min 0.816784 0.0117728 1678.9 54.6125 30
5 1week 5min 0.787071 0.0123986 435.559 15.0763 30
5 1week 10min 0.76855 0.0142442 274.802 17.6465 30
5 1week 15min 0.763371 0.0118157 213.61 9.95528 30
5 2week 1min 0.833109 0.0109149 2204.92 181.132 30
5 2week 5min 0.809928 0.0183068 539.159 41.9456 30
5 2week 10min 0.798787 0.0144207 301.985 31.1557 30
5 2week 15min 0.791195 0.0112809 229.671 29.28 30
5 3week 1min 0.848546 0.0126266 3471.18 223.441 30
5 3week 5min 0.827338 0.0123852 687.241 43.2743 30
5 3week 10min 0.820805 0.0207459 345.436 8.0019 30
5 3week 15min 0.822282 0.0113437 256.608 13.1555 30
6 1day 1min 0.710465 0.0260019 512.387 43.7729 30
6 1day 5min 0.604161 0.0513153 299.871 43.3386 30
6 1day 10min 0.573401 0.0150023 262.997 14.5754 30
6 1day 15min 0.51404 0.0262488 200.6 5.83934 30
6 1week 1min 0.811767 0.0139629 2226.42 71.8157 30
6 1week 5min 0.771979 0.0138657 748.268 41.7576 30
6 1week 10min 0.75838 0.0109591 503.938 50.4484 30
6 1week 15min 0.755744 0.0127142 441.711 44.8857 30
6 2week 1min 0.831402 0.0119097 2782.62 215.836 30
6 2week 5min 0.809344 0.0160588 742.996 59.0342 30
6 2week 10min 0.797619 0.0128153 479.972 32.9962 30
6 2week 15min 0.79124 0.0126889 376.726 7.10382 30
6 3week 1min 0.846085 0.0131248 4104.79 198.154 30
6 3week 5min 0.825324 0.0155689 884.157 20.6936 30
6 3week 10min 0.818702 0.0200335 519.652 16.8149 30
6 3week 15min 0.811946 0.0126378 404.458 8.06326 30
