3 1day 1min 0.703682 0.0135692 240.209 13.3024 30
3 1day 5min 0.628882 0.0169865 116.545 11.3401 30
3 1day 10min 0.567733 0.0144927 109.031 9.8683 30
3 1day 15min 0.522397 0.017427 102.356 8.78107 30
3 1week 1min 0.802344 0.0131251 1053.76 303.671 30
3 1week 5min 0.771133 0.0102443 181.586 9.64651 30
3 1week 10min 0.761629 0.0113522 129.636 8.54069 30
3 1week 15min 0.771704 0.015219 108.474 8.30558 30
3 2week 1min 0.826595 0.0101308 1600.2 296.852 30
3 2week 5min 0.804223 0.0158238 355.541 44.0148 30
3 2week 10min 0.79124 0.0107779 176.36 7.16874 30
3 2week 15min 0.81204 0.014076 131.267 8.42049 30
3 3week 1min 0.855034 0.0098132 3580.36 265.937 30
3 3week 5min 0.842237 0.0131362 617.826 54.7625 30
3 3week 10min 0.823624 0.0188599 313.269 38.2031 30
3 3week 15min 0.842729 0.0125476 226.462 31.0288 30
4 1day 1min 0.701163 0.0178775 267.201 14.8802 30
4 1day 5min 0.611418 0.0164644 135.75 8.00313 30
4 1day 10min 0.550775 0.0142919 119.706 8.2458 30
4 1day 15min 0.492073 0.0127684 116.081 9.98019 30
4 1week 1min 0.815096 0.0108803 1132.85 340.817 30
4 1week 5min 0.768829 0.0130133 218.313 16.5161 30
4 1week 10min 0.75645 0.0117336 150.622 10.3808 30
4 1week 15min 0.747552 0.0128327 142.396 22.9342 30
4 2week 1min 0.818643 0.00955392 1783.51 332.571 30
4 2week 5min 0.793486 0.012406 351.34 15.4678 30
4 2week 10min 0.778616 0.0146951 197.927 8.34685 30
4 2week 15min 0.786882 0.014178 143.065 5.27705 30
4 3week 1min 0.847204 0.0131189 3846.2 376.747 30
4 3week 5min 0.831723 0.0127753 655.9 66.7325 30
4 3week 10min 0.797942 0.00944368 330.549 39.7 30
4 3week 15min 0.817271 0.0128734 234.744 28.6536 30
5 1day 1min 0.691424 0.0244653 209.28 15.1681 30
5 1day 5min 0.60208 0.0142261 124.734 15.7588 30
5 1day 10min 0.532461 0.0179334 109.113 9.22552 30
5 1day 15min 0.481662 0.0174023 90.5744 5.08184 30
5 1week 1min 0.812611 0.0119952 1429.31 57.0831 30
5 1week 5min 0.767889 0.0192133 372.588 16.2172 30
5 1week 10min 0.738089 0.0150883 241.114 7.14826 30
5 1week 15min 0.734134 0.0155464 209.515 10.9264 30
5 2week 1min 0.815274 0.0098715 1904.71 163.665 30
5 2week 5min 0.79726 0.0112239 451.682 50.4304 30
5 2week 10min 0.774888 0.013311 279.823 32.7479 30
5 2week 15min 0.77035 0.0117202 209.532 25.2383 30
5 3week 1min 0.834855 0.0113212 2929.53 221.076 30
5 3week 5min 0.827696 0.0127071 619.063 42.5465 30
5 3week 10min 0.808993 0.0124735 328.716 19.8207 30
5 3week 15min 0.806488 0.0128268 226.545 7.95156 30
6 1day 1min 0.685998 0.0254557 467.717 40.5617 30
6 1day 5min 0.552008 0.0336069 307.083 49.182 30
6 1day 10min 0.515746 0.0159408 263.301 10.1211 30
6 1day 15min 0.443505 0.0169168 205.056 5.42579 30
6 1week 1min 0.807876 0.0155683 1901.04 64.7204 30
6 1week 5min 0.749365 0.0151055 717.07 36.6775 30
6 1week 10min 0.733475 0.013528 498.859 35.3928 30
6 1week 15min 0.722316 0.0128309 440.376 36.1527 30
6 2week 1min 0.821384 0.00995867 2310.02 150.59 30
6 2week 5min 0.792677 0.010571 692.1 67.1011 30
6 2week 10min 0.771788 0.0129623 466.6 39.5429 30
6 2week 15min 0.763073 0.0132635 383.727 25.6214 30
6 3week 1min 0.8366 0.0124075 3545.52 249.631 30
6 3week 5min 0.817673 0.0149182 804.877 39.9572 30
6 3week 10min 0.807964 0.0107956 494.132 19.1243 30
6 3week 15min 0.791812 0.0175415 394.09 7.0754 30
