3 1day 1min 0.733769 0.0156875 293.334 18.6983 30
3 1day 5min 0.69821 0.0124732 136.595 8.1731 30
3 1day 10min 0.674467 0.015851 110.624 8.05225 30
3 1day 15min 0.645463 0.0172648 95.5092 9.43897 30
3 1week 1min 0.824473 0.0128767 1285.1 383.668 30
3 1week 5min 0.792901 0.0144981 264.991 12.3204 30
3 1week 10min 0.799906 0.0103549 199.868 16.7424 30
3 1week 15min 0.803154 0.0139107 137.095 7.38715 30
3 2week 1min 0.860198 0.0118178 2070.88 363.318 30
3 2week 5min 0.836792 0.0185882 407.687 9.8265 30
3 2week 10min 0.836433 0.0205292 264.979 65.4777 30
3 2week 15min 0.836703 0.0105235 201.323 26.5554 30
3 3week 1min 0.875749 0.0107306 4421.19 445.051 30
3 3week 5min 0.86255 0.0157193 720.095 58.7586 30
3 3week 10min 0.835839 0.0136984 335.422 46.4805 30
3 3week 15min 0.863937 0.0120856 229.53 30.5805 30
4 1day 1min 0.753876 0.018914 340.599 18.2355 30
4 1day 5min 0.698452 0.0197084 154.942 12.7762 30
4 1day 10min 0.646463 0.0164252 118.19 7.15489 30
4 1day 15min 0.616428 0.0178224 82.8145 15.7016 30
4 1week 1min 0.841491 0.0137466 1429.5 423.221 30
4 1week 5min 0.786225 0.0166131 347.395 49.5087 30
4 1week 10min 0.779802 0.00954611 181.599 23.7132 30
4 1week 15min 0.782298 0.011491 108.758 4.74838 30
4 2week 1min 0.854268 0.0148511 2315.7 391.561 30
4 2week 5min 0.824843 0.0148627 505.879 92.8312 30
4 2week 10min 0.818059 0.011765 293.655 50.0065 30
4 2week 15min 0.81788 0.0136375 182.118 38.9464 30
4 3week 1min 0.850872 0.0141456 4871.65 609.626 30
4 3week 5min 0.840447 0.011328 725.625 68.9518 30
4 3week 10min 0.829262 0.0116826 316.476 42.0797 30
4 3week 15min 0.836868 0.0124814 208.173 3.08021 30
5 1day 1min 0.750484 0.0140783 271.093 28.9975 30
5 1day 5min 0.670731 0.017176 133.843 9.74758 30
5 1day 10min 0.623692 0.0167444 110.724 6.7193 30
5 1day 15min 0.604871 0.0164876 80.0792 8.82492 30
5 1week 1min 0.837178 0.0128888 1927.39 57.3323 30
5 1week 5min 0.799718 0.0133549 492.906 26.8333 30
5 1week 10min 0.778861 0.0121314 284.297 13.4926 30
5 1week 15min 0.777872 0.00978513 216.018 13.89 30
5 2week 1min 0.850854 0.0125797 2657.3 212.258 30
5 2week 5min 0.822956 0.0162285 603.262 40.6477 30
5 2week 10min 0.816757 0.0125056 315.983 29.2023 30
5 2week 15min 0.812848 0.0131608 229.333 17.0102 30
5 3week 1min 0.855034 0.0161498 3866.03 206.977 30
5 3week 5min 0.835168 0.0131912 725.265 12.5816 30
5 3week 10min 0.832036 0.0235642 389.989 25.7327 30
5 3week 15min 0.836779 0.013614 271.113 7.58198 30
6 1day 1min 0.75189 0.013895 542.661 40.366 30
6 1day 5min 0.661684 0.0142121 295.739 36.7668 30
6 1day 10min 0.604021 0.0514689 263.366 11.5462 30
6 1day 15min 0.554346 0.0673641 200.464 5.98635 30
6 1week 1min 0.825129 0.0141147 2537.26 81.0549 30
6 1week 5min 0.781429 0.0159077 767.613 56.9497 30
6 1week 10min 0.776083 0.0138177 544.564 46.6021 30
6 1week 15min 0.769539 0.0105376 454.889 52.7607 30
6 2week 1min 0.847394 0.0132554 3192.37 197.718 30
6 2week 5min 0.822686 0.0177588 793.454 45.2481 30
6 2week 10min 0.823001 0.0183063 483.568 10.6267 30
6 2week 15min 0.816397 0.0178186 400.567 13.9333 30
6 3week 1min 0.857271 0.0109294 4567.93 338.305 30
6 3week 5min 0.84179 0.0208594 954.238 43.7067 30
6 3week 10min 0.826622 0.0219007 537.614 20.1215 30
6 3week 15min 0.82689 0.0125397 417.785 12.7384 30
