3 1day 1min 0.744574 0.0182179 200.463 17.6461 30
3 1day 5min 0.706434 0.0137897 83.0537 7.42805 30
3 1day 10min 0.679845 0.0149399 70.5781 6.27799 30
3 1day 15min 0.660076 0.0141023 69.5497 5.61543 30
3 1week 1min 0.830755 0.0124782 1063.99 161.034 30
3 1week 5min 0.787635 0.0168019 222.664 15.3206 30
3 1week 10min 0.806638 0.00921613 120.217 6.56556 30
3 1week 15min 0.809557 0.0105311 92.3133 5.34695 30
3 2week 1min 0.85858 0.0106233 1907.75 104.056 30
3 2week 5min 0.832704 0.0151186 396.714 22.846 30
3 2week 10min 0.839578 0.0176306 220.861 19.421 30
3 2week 15min 0.848428 0.0120685 150.891 5.18591 30
3 3week 1min 0.879508 0.0132396 2739.85 59.7644 30
3 3week 5min 0.860984 0.0185647 540.659 5.58901 30
3 3week 10min 0.845772 0.0132802 285.654 3.64795 30
3 3week 15min 0.865593 0.0106262 202.607 3.63796 30
4 1day 1min 0.754167 0.0142245 223.279 20.7268 30
4 1day 5min 0.697871 0.0186183 95.5786 7.23768 30
4 1day 10min 0.66686 0.016047 81.0506 4.92752 30
4 1day 15min 0.614613 0.0227739 72.2502 8.99318 30
4 1week 1min 0.830755 0.0115292 1197.16 176.052 30
4 1week 5min 0.790268 0.0125453 240.905 13.1894 30
4 1week 10min 0.790913 0.0119474 133.594 6.02366 30
4 1week 15min 0.795009 0.0143645 105.536 7.63269 30
4 2week 1min 0.849641 0.0119535 2151.95 102.341 30
4 2week 5min 0.807278 0.0143852 454.245 31.404 30
4 2week 10min 0.814241 0.0151283 237.338 6.66195 30
4 2week 15min 0.821339 0.011964 170.328 5.29451 30
4 3week 1min 0.855123 0.012317 3091.29 64.4496 30
4 3week 5min 0.84085 0.0141558 623.111 21.6388 30
4 3week 10min 0.834855 0.0110152 336.749 12.1002 30
4 3week 15min 0.834228 0.0122605 235.672 6.86844 30
5 1day 1min 0.751017 0.0159366 282.297 23.0733 30
5 1day 5min 0.676391 0.0236205 132.007 5.98503 30
5 1day 10min 0.492248 0.0379087 98.3239 10.0774 30
5 1day 15min 0.50511 0.0712545 69.2808 5.61491 30
5 1week 1min 0.834834 0.0136796 1357.74 211.374 30
5 1week 5min 0.789046 0.0103426 285.041 8.0554 30
5 1week 10min 0.796516 0.0140507 176.362 15.3416 30
5 1week 15min 0.792985 0.0128528 133.88 3.86178 30
5 2week 1min 0.845463 0.0117402 2467.96 116.451 30
5 2week 5min 0.814241 0.0151862 526.408 12.5892 30
5 2week 10min 0.813297 0.0138291 286.255 9.60912 30
5 2week 15min 0.812668 0.0127561 206.826 5.37402 30
5 3week 1min 0.854183 0.0153388 3541.63 82.6439 30
5 3week 5min 0.821745 0.0166065 744.56 18.9696 30
5 3week 10min 0.822282 0.00993651 626.73 122.36 30
5 3week 15min 0.831991 0.0104037 493.38 10.7729 30
6 1day 1min 0.754021 0.0113789 535.63 43.8497 30
6 1day 5min 0.612724 0.0530075 304.797 38.0683 30
6 1day 10min 0.481056 0.0195323 265.438 30.5346 30
6 1day 15min 0.485578 0.0643055 201.69 15.6629 30
6 1week 1min 0.828411 0.012569 1710.99 248.774 30
6 1week 5min 0.792337 0.0113905 469.683 10.365 30
6 1week 10min 0.787382 0.0126099 344.504 5.21984 30
6 1week 15min 0.791902 0.0133085 351.356 51.0271 30
6 2week 1min 0.845328 0.0122075 3007.07 131.785 30
6 2week 5min 0.810422 0.0168081 732.193 22.4728 30
6 2week 10min 0.8146 0.0142438 464.593 6.99473 30
6 2week 15min 0.808715 0.0109599 389.916 6.03112 30
6 3week 1min 0.858076 0.0142749 4309.3 166.998 30
6 3week 5min 0.830112 0.0152868 1696.3 211.721 30
6 3week 10min 0.819911 0.0118447 1068.45 24.1099 30
6 3week 15min 0.822998 0.0123009 840.036 22.8702 30
